2
3
7
9
12
15
17
21
22
23
24
26
28
29
30
31
32
35
36
37
38
41
42
43
45
46
47
49
51
52
53
54
55
56
57
61
63
64
65
66
67
70
71
72
73
74
76
77
78
80
81
82
84
85
87
88
89
93
95
96
97
98
100
101
103
104
105
107
109
111
112
114
116
117
120
121
122
123
124
128
129
132
133
134
136
137
138
140
141
143
145
146
147
149
154
156
157
160
164
165
166
168
170
173
174
175
176
177
178
179
180
181
182
183
184
185
187
189
190
192
193
194
195
197
198
199
201
202
203
204
208
209
210
211
212
213
216
219
221
223
224
226
228
229
234
236
238
239
240
241
243
244
246
247
248
251
252
255
258
262
265
270
271
273
275
278
279
280
281
283
285
287
288
289
291
292
293
296
297
299
302
304
305
306
308
310
313
316
317
320
321
323
324
328
330
333
335
339
340
341
342
344
345
346
348
349
351
353
355
356
357
358
359
361
363
364
365
368
369
371
375
376
378
380
381
383
384
386
389
390
393
397
399
400
402
404
406
412
416
417
418
420
422
423
426
428
431
432
433
434
435
436
438
440
441
442
445
446
448
452
456
457
458
460
461
462
467
468
469
470
474
475
511
671
672
673
674
675
676
677
678
679
680
681
682
683
684
685
686
687
688
689
690
691
692
693
694
695
696
697
698
699
700
701
702
703
704
705
706
707
708
709
710
711
712
713
714
715
716
717
718
719
720
721
722
723
724
725
726
727
728
729
730
731
732
733
734
735
736
737
738
739
753
754
757
760
761
762
763
764
765
766
767
768
769
770
771
777
779
780
781
782
783
785
786
787
788
891
892
893
894
895
896
897
898
899
900
901
902
903
904
905
906
907
911
912
913
914
915
916
917
919
920
921
922
923
924
925
926
927
928
929
930
931
932
934
935
937
938
939
940
941
942
943
944
947
948
949
950
951
952
953
954
955
956
957
958
959
960
961
962
963
964
965
966
967
968
969
970
971
976
977
978
979
980
981
982
983
984
986
987
988
989
990
992
994
997
998
999
1000
1002
1003
1005
1006
1007
1008
1010
1022
1023
1024
1026
1027
1030
1032
1034
1035
1036
1037
1038
1041
1043
1049
1051
1052
1054
1055
1059
1061
1063
1064
1065
1067
1068
1070
1073
1074
1075
1077
1080
1085
1086
1088
1089
1090
1091
1093
1096
1097
1099
1100
1101
1106
1108
1109
1110
1112
1114
1116
1117
1118
1120
1121
1122
1123
1125
1126
1127
1128
1129
1131
1132
1133
1134
1136
1137
1138
1361
1365
1380
1381
1425
1429
1432
1434
1442
1444
1449
1450
1453
1456
1460
1472
1474
1477
1478
1479
1489
1495
1496
1497
1498
1499
1500
1501
1502
1503
1504
1505
1506
1507
1508
1509
1510
1511
1512
1513
1514
1515
1516
1517
1518
1519
1520
1521
1522
1525
1526
1527
1528
1529
1530
1531
1532
1533
1535
1536
1538
1539
1540
1541
1542
1544
1545
1548
1554
1559
1562
1563
1564
1565
1569
1572
1575
1576
1577
1578
1585
1591
1593
1594
1600
1601
1603
1607
1609
1612
1619
1622
1628
1630
1631
1635
1666
1667
1677
1680
1682
1683
1709
1710
1711
1712
1713
1714
1715
1716
1717
1718
1719
1720
1721
1722
1723
1724
1725
1726
1727
1728
1729
1730
1731
1732
1733
1734
1735
1736
1737
1738
1739
1740
1741
1742
1743
1744
1745
1746
1747
1748
1749
1750
1751
1752
1753
1754
1755
1756
1757
1760
1761
1762
1763
1764
1765
1766
1800
1801
1802
1806
1814
1817
1819
1820
1821
1824
1829
1831
1838
1839
1844
1845
1846
1847
1848
1852
1853
1855
1858
1861
1863
1864
1868
1869
1871
1872
1874
1882
1883
1884
1885
1886
1887
1888
1889
1890
1891
1892
1893
1894
1895
1897
1898
1899
1900
1901
1902
1903
1904
1905
1906
1907
1908
1909
1910
1911
1913
1914
1915
1916
1917
1918
1919
1920
1921
1922
1924
1926
1928
1930
1934
1937
1938
1942
1943
1944
1950
1952
1953
1954
1956
1960
1965
1967
1972
1975
1983
1984
1985
2000
2030
2031
2032
2033
2034
2035
2036
2037
2038
2039
2040
2041
2042
2043
2044
2045
2046
2047
2048
2049
2050
2051
2052
2053
2054
2055
2056
2057
2058
2059
2060
2061
2062
2063
2064
2065
2066
2067
2068
2069
2071
2072
2073
2074
2078
2079
2080
2081
2082
2084
2091
2092
2098
2101
2106
2109
2121
2123
2124
2128
2130
2137
2143
2173
2198
2199
2200
2201
2202
2203
2204
2205
2206
2207
2208
2209
2210
2211
2212
2213
2214
2215
2216
2217
2218
2219
2220
2221
2222
2223
2224
2225
2226
2228
2229
2230
2237
2238
2239
2240
2241
2242
2243
2244
2245
2246
2248
2249
2250
2253
2254
2256
2257
2260
2261
2264
2294
2306
2321
2343
2347
2349
2351
2352
2357
2365
2366
2367
2369
2370
2397
2398
2399
2400
2401
2402
2403
2404
2405
2406
2407
2408
2409
2410
2411
2412
2413
2414
2415
2416
2417
2418
2419
2420
2421
2422
2423
2424
2425
2427
2428
2429
2430
2431
2432
2434
2435
2436
2437
2440
2441
2442
2443
2446
2447
2449
2450
2451
2452
2453
2454
2456
2457
2462
2466
2469
2470
2471
2484
2486
2492
2499
2501
2541
2544
2545
2546
2547
2548
2549
2550
2551
2552
2553
2554
2555
2556
2557
2558
2559
2560
2561
2562
2563
2564
2565
2566
2567
2568
2569
2570
2571
2572
2573
2574
2575
2580
2581
2582
2583
2584
2585
2586
2588
2590
2591
2592
2594
2599
2601
2602
2604
2605
2617
2624
2632
2637
2639
2648
2652
2657
2667
2668
2669
2673
2679
2682
2684
2688
2693
2694
2696
2724
2730
2731
2732
2733
2734
2735
2736
2737
2738
2739
2740
2741
2742
2743
2744
2745
2746
2747
2748
2749
2750
2751
2752
2753
2754
2755
2756
2757
2758
2760
2761
2762
2763
2764
2765
2766
2767
2768
2770
2772
2774
2775
2776
2779
2782
2784
2788
2798
2800
2804
2809
2810
2823
2824
2825
2839
2845
2852
2853
2857
2863
2866
2867
2873
2876
2891
76001
76002
76003
76005
76006
76007
76008
76009
76010
76011
76012
76015
76016
76017
76018
76019
76020
76021
76022
76024
76025
76027
76028
76029
76030
76034
76035
76036
76037
76040
76041
76042
76043
76045
76046
76048
76049
76050
76053
76054
76055
76056
76057
76059
76060
76061
76062
76063
76064
76065
76068
76069
76070
76071
76073
76074
76076
76078
76079
76080
76081
76082
76083
76084
76085
76089
76090
76091
76092
76093
76094
76095
76096
76097
76098
76099
76102
76103
76104
76105
76106
76107
76108
76109
76110
76111
76112
76113
76114
76117
76118
76119
76120
76121
76123
76124
76125
76126
76127
76128
76129
76130
76131
76133
76134
76136
76137
76138
76139
76140
76141
76142
76143
76144
76145
76146
76148
76151
76152
76154
76155
76156
76157
76158
76159
76160
76161
76162
76163
76164
76165
76166
76167
76168
76170
76171
76172
76173
76174
76175
76176
76177
76179
76180
76182
76183
76184
76186
76187
76188
76189
76190
76191
76192
76195
76196
76197
76198
76201
76203
76204
76206
76207
76209
76210
76211
76212
76213
76214
76217
76219
76221
76222
76223
76224
76225
76226
76227
76228
76229
76230
76231
76232
76233
76237
76238
76239
76240
76241
76242
76243
76245
76246
76247
76248
76249
76250
76252
76253
76254
76255
76256
76257
76258
76259
76260
76261
76262
76263
76264
76265
76266
76268
76270
76272
76273
76275
76276
76277
76278
76279
76282
76283
76284
76285
76286
76287
76288
76289
76290
76291
76292
76293
76294
76295
76296
76297
76298
76300
76301
76302
76303
76304
76305
76306
76307
76308
76309
76311
76313
76314
76316
76317
76318
76319
76320
76321
76322
76323
76324
76326
76328
76329
76330
76331
76332
76333
76334
76335
76336
76337
76338
76339
76340
76341
76342
76343
76344
76345
76346
76348
76350
76351
76352
76353
76355
76356
76357
76358
76359
76360
76361
76362
76363
76364
76365
76367
76368
76370
76373
76374
76375
76376
76378
76379
76380
76382
76383
76384
76385
76386
76387
76391
76392
76393
76394
76395
76397
76398
76402
76403
76404
76406
76407
76408
76409
76410
76411
76412
76413
76414
76415
76416
76418
76419
76421
76422
76425
76426
76427
76428
76429
76431
76432
76433
76434
76435
76436
76437
76438
76439
76440
76441
76442
76443
76444
76446
76447
76448
76450
76451
76452
76453
76454
76456
76457
76458
76459
76462
76463
76464
76465
76466
76468
76469
76470
76471
76472
76473
76474
76475
76476
76477
76478
76479
76481
76482
76483
76485
76487
76488
76489
76492
76496
76497
76498
76499
76500
76502
76504
76505
76506
76507
76509
76511
76514
76515
76516
76517
76518
76519
76520
76521
76522
76523
76524
76525
76526
76528
76529
76530
76531
76532
76533
76534
76536
76538
76539
76541
76542
76543
76544
76545
76546
76548
76551
76552
76553
76555
76556
76557
76558
76559
76560
76561
76562
76563
76564
76565
76566
76567
76568
76569
76570
76571
76574
76575
76576
76577
76578
76580
76581
76582
76583
76584
76585
76586
76587
76588
76589
76590
76592
76593
76594
76595
76596
76598
76599
76603
76604
76605
76607
76608
76609
76610
76611
76615
76616
76617
76618
76619
76621
76622
76623
76624
76625
76626
76628
76630
76631
76632
76633
76634
76635
76636
76637
76638
76641
76643
76646
76647
76648
76649
76651
76653
76655
76656
76658
76661
76663
76664
76667
76668
76669
76670
76671
76672
76673
76674
76675
76676
76677
76678
76679
76680
76681
76682
76683
76685
76686
76687
76689
76690
76691
76692
76693
76694
76695
76696
76697
76698
76699
76701
76702
76703
76704
76705
76706
76707
76708
76709
76711
76712
76713
76714
76715
76716
76717
76719
76720
76721
76722
76723
76725
76726
76727
76728
76729
76731
76732
76733
76734
76735
76736
76738
76739
76740
76742
76744
76745
76746
76747
76748
76749
76750
76751
76752
76753
76754
76755
76756
76757
76758
76759
76760
76761
76762
76763
76764
76765
76767
76768
76769
76770
76771
76772
76773
76774
76776
76778
76779
76780
76781
76782
76783
76785
76786
76788
76789
76790
76791
76793
76794
76797
76800
76801
76802
76803
76804
76805
76806
76807
76808
76809
76810
76811
76812
76813
76815
76817
76818
76819
76820
76821
76822
76823
76824
76825
76826
76827
76828
76829
76830
76831
76832
76833
76834
76835
76836
76837
76838
76839
76841
76842
76843
76844
76847
76850
76852
76853
76854
76855
76859
76860
76861
76862
76863
76865
76867
76868
76869
76872
76873
76874
76875
76876
76877
76878
76879
76880
76881
76882
76883
76884
76885
76886
76887
76888
76889
76890
76891
76893
76894
76895
76896
76897
76899
76900
76901
76902
76903
76904
76905
76906
76907
76908
76909
76910
76911
76912
76913
76914
76915
76916
76917
76918
76919
76920
76922
76923
76925
76926
76927
76928
76929
76935
76936
76937
76938
76939
76940
76941
76942
76944
76945
76946
76947
76948
76949
76950
76951
76952
76954
76956
76957
76958
76959
76960
76961
76962
76965
76966
76967
76968
76969
76970
76971
76972
76974
76975
76977
76978
76979
76980
76981
76982
76983
76984
76985
76986
76987
76988
76989
76990
76991
76992
76993
76994
76996
76998
76999
77000
77001
77002
77003
77004
77006
77007
77010
77011
77012
77013
77014
77015
77016
77017
77019
77021
77022
77023
77024
77025
77026
77027
77028
77029
77030
77031
77032
77034
77035
77036
77037
77038
77039
77040
77041
77042
77043
77044
77045
77046
77047
77048
77049
77050
77051
77052
77053
77054
77055
77056
77057
77058
77060
77061
77062
77064
77065
77066
77067
77069
77070
77071
77072
77074
77076
77077
77078
77080
77081
77082
77083
77084
77086
77087
77088
77089
77090
77091
77092
77093
77094
77095
77096
77097
77098
77099
77100
77101
77103
77104
77105
77106
77107
77109
77110
77111
77112
77114
77115
77116
77120
77122
77123
77125
77126
77129
77130
77131
77132
77133
77134
77135
77136
77138
77139
77141
77142
77144
77145
77146
77147
77148
77149
77150
77151
77152
77153
77154
77156
77158
77159
77160
77161
77162
77163
77164
77165
77166
77167
77168
77169
77170
77171
77172
77173
77174
77175
77178
77180
77182
77183
77184
77185
77186
77187
77188
77189
77191
77192
77193
77194
77195
77196
77197
77198
77199
77200
77201
77202
77203
77205
77208
77209
77210
77211
77212
77213
77214
77215
77217
77218
77219
77221
77222
77223
77225
77226
77227
77228
77229
77230
77231
77233
77234
77235
77236
77237
77238
77239
77240
77242
77243
77244
77245
77246
77247
77248
77249
77251
77254
77255
77256
77257
77258
77259
77260
77261
77262
77263
77264
77266
77268
77270
77272
77273
77276
77277
77278
77279
77280
77283
77284
77285
77287
77288
77289
77290
77291
77292
77293
77294
77295
77296
77297
77299
77300
77301
77302
77303
77304
77305
77306
77307
77308
77309
77310
77311
77312
77313
77314
77316
77317
77318
77319
77320
77322
77323
77324
77325
77326
77327
77328
77329
77330
77331
77332
77333
77334
77335
77338
77339
77340
77341
77342
77344
77345
77346
77347
77348
77350
77351
77352
77353
77354
77356
77357
77358
77359
77360
77361
77362
77363
77364
77365
77366
77367
77369
77370
77371
77372
77373
77374
77375
77376
77377
77379
77380
77381
77383
77384
77385
77386
77387
77388
77389
77392
77394
77395
77396
77397
77398
77399
77401
77402
77403
77406
77409
77410
77411
77412
77413
77414
77415
77416
77417
77418
77419
77420
77421
77422
77423
77424
77425
77426
77427
77428
77429
77430
77432
77435
77436
77438
77439
77441
77442
77443
77444
77447
77449
77450
77451
77452
77453
77454
77456
77457
77458
77459
77460
77462
77463
77464
77465
77466
77467
77468
77469
77471
77472
77473
77474
77475
77476
77477
77478
77479
77480
77481
77482
77483
77484
77485
77486
77487
77489
77490
77492
77493
77494
77495
77496
77497
77498
77499
77500
77502
77503
77504
77505
77506
77507
77509
77510
77512
77513
77514
77515
77516
77517
77518
77520
77523
77524
77525
77527
77528
77529
77530
77531
77532
77533
77534
77535
77536
77537
77540
77541
77542
77543
77545
77546
77547
77548
77549
77551
77553
77554
77555
77556
77557
77558
77559
77560
77561
77562
77563
77565
77566
77567
77568
77570
77571
77572
77573
77574
77575
77576
77577
77578
77579
77580
77581
77582
77583
77584
77586
77587
77588
77589
77590
77591
77593
77594
77596
77598
77599
77600
77601
77602
77603
77604
77605
77606
77609
77610
77612
77613
77614
77615
77616
77618
77619
77621
77622
77623
77624
77625
77626
77627
77628
77630
77631
77632
77633
77634
77635
77636
77637
77639
77640
77641
77642
77644
77646
77647
77648
77649
77652
77653
77654
77657
77658
77659
77660
77662
77664
77665
77668
77669
77670
77671
77672
77673
77674
77675
77676
77677
77681
77682
77683
77684
77685
77686
77687
77688
77689
77690
77691
77692
77693
77694
77695
77696
77697
77698
77699
77700
77701
77704
77705
77706
77707
77710
77712
77713
77715
77716
77717
77718
77719
77720
77721
77722
77723
77724
77725
77727
77728
77729
77731
77732
77733
77734
77735
77736
77737
77738
77742
77743
77744
77745
77746
77747
77748
77750
77751
77752
77753
77754
77756
77757
77758
77759
77760
77764
77765
77766
77767
77768
77769
77770
77771
77772
77773
77774
77775
77776
77777
77778
77779
77780
77782
77783
77784
77785
77786
77788
77789
77790
77791
77792
77793
77794
77797
77799
77800
77801
77802
77803
77804
77806
77807
77808
77809
77811
77812
77813
77814
77815
77816
77817
77818
77819
77820
77821
77822
77823
77824
77825
77826
77827
77828
77829
77834
77835
77839
77840
77841
77842
77843
77844
77845
77846
77847
77848
77849
77850
77852
77853
77854
77855
77858
77859
77861
77862
77863
77864
77865
77866
77867
77868
77869
77870
77872
77873
77875
77876
77878
77879
77880
77881
77882
77883
77884
77886
77887
77888
77889
77890
77891
77892
77893
77894
77895
77896
77897
77899
77900
77901
77902
77903
77904
77905
77906
77907
77908
77910
77911
77912
77913
77914
77915
77916
77917
77918
77919
77920
77921
77922
77923
77925
77926
77927
77928
77929
77932
77933
77935
77936
77937
77938
77939
77941
77942
77944
77945
77946
77947
77950
77952
77954
77955
77957
77958
77959
77960
77962
77963
77964
77965
77966
77967
77968
77969
77970
77972
77973
77975
77977
77978
77979
77983
77984
77986
77988
77989
77993
77994
77996
77997
77998
77999
78000
78001
78002
78003
78007
78008
78010
78011
78012
78013
78014
78015
78016
78017
78018
78019
78020
78021
78022
78023
78024
78025
78026
78027
78028
78029
78030
78031
78033
78035
78036
78037
78039
78040
78041
78042
78043
78045
78046
78047
78048
78049
78050
78051
78055
78057
78059
78060
78061
78062
78063
78064
78065
78066
78067
78068
78069
78070
78071
78072
78073
78074
78075
78076
78078
78080
78081
78082
78084
78085
78086
78087
78088
78089
78091
78092
78093
78094
78095
78097
78100
78102
78103
78105
78106
78107
78109
78110
78111
78112
78113
78114
78115
78116
78117
78118
78120
78121
78123
78124
78125
78126
78128
78130
78131
78132
78133
78135
78136
78138
78139
78140
78141
78142
78143
78144
78145
78146
78147
78148
78149
78150
78151
78152
78153
78154
78157
78159
78160
78161
78162
78163
78164
78167
78168
78169
78170
78171
78172
78173
78174
78175
78176
78177
78178
78179
78181
78182
78183
78184
78185
78187
78188
78189
78190
78191
78192
78194
78195
78197
78198
78199
78200
78201
78202
78203
78204
78205
78207
78208
78209
78212
78213
78214
78215
78216
78217
78219
78220
78221
78222
78223
78225
78226
78227
78230
78231
78232
78233
78234
78235
78237
78238
78239
78240
78241
78243
78244
78245
78247
78249
78250
78251
78252
78253
78256
78257
78259
78260
78261
78264
78266
78267
78268
78269
78270
78271
78273
78274
78275
78276
78277
78278
78279
78280
78281
78283
78284
78285
78286
78287
78291
78293
78294
78295
78296
78297
78298
78299
78301
78302
78303
78304
78305
78306
78307
78308
78309
78310
78311
78312
78313
78314
78316
78317
78318
78320
78321
78322
78323
78325
78326
78327
78328
78329
78331
78332
78333
78335
78340
78341
78342
78343
78344
78346
78347
78348
78349
78350
78351
78352
78353
78355
78356
78357
78358
78359
78360
78361
78363
78364
78365
78366
78367
78368
78369
78370
78371
78372
78374
78375
78377
78378
78379
78380
78381
78382
78385
78386
78387
78388
78390
78391
78392
78393
78394
78395
78396
78397
78398
78399
78400
78401
78402
78403
78404
78405
78406
78407
78409
78411
78413
78414
78415
78416
78417
78418
78419
78420
78421
78422
78423
78425
78426
78427
78428
78429
78430
78431
78432
78433
78434
78435
78436
78437
78438
78439
78440
78441
78442
78443
78444
78445
78446
78447
78448
78449
78450
78453
78454
78455
78456
78457
78458
78459
78460
78461
78462
78463
78464
78465
78466
78467
78468
78469
78470
78471
78473
78474
78475
78477
78478
78479
78481
78482
78483
78484
78485
78486
78488
78489
78492
78494
78495
78497
78499
78500
78501
78504
78506
78507
78508
78509
78510
78512
78513
78514
78515
78516
78519
78520
78521
78522
78523
78524
78525
78526
78527
78528
78529
78530
78531
78532
78533
78534
78537
78538
78539
78540
78541
78543
78545
78546
78547
78548
78549
78550
78554
78555
78556
78558
78560
78561
78563
78564
78565
78566
78567
78568
78569
78570
78571
78573
78574
78575
78577
78578
78579
78580
78581
78582
78583
78584
78585
78586
78587
78589
78590
78591
78592
78596
78597
78600
78601
78602
78603
78605
78606
78609
78610
78611
78612
78614
78615
78616
78617
78618
78620
78621
78622
78623
78627
78628
78629
78630
78631
78632
78633
78634
78635
78638
78639
78640
78641
78642
78643
78644
78647
78648
78650
78651
78653
78654
78656
90000
100263
101106
101107
101108
101109
101110
101111
101112
101113
101114
101115
101117
101118
101119
101120
101121
101122
101123
101124
101125
101126
101127
101128
101129
101130
101131
101132
101133
101134
101135
101136
101137
101138
101139
101141
101142
101143
101144
101145
101146
101147
101148
101149
101150
101152
101153
101154
101155
101156
101158
101159
101160
101161
101162
101165
101166
101177
101178
101179
101180
101181
101182
101183
101184
101185
101187
101188
101189
101190
101194
101195
101198
101204
101207
101209
101211
101212
101213
101214
101215
101219
101223
101230
101232
101235
101236
101238
101247
101249
101258
101261
200081
200745
200746
200747
200748
200749
200750
200751
200752
200753
200754
200755
200756
200757
200758
200759
200760
200761
200762
200763
200764
200765
200766
200767
200768
200769
200770
200771
200772
200776
200777
200778
200779
200780
200781
200782
200783
200784
200785
200786
200788
200789
200790
200792
200793
200794
200796
200797
200798
200799
200801
200806
200807
200809
200810
200811
200814
200816
200817
200818
200821
200822
200823
200826
200827
200829
200835
200837
200838
200839
200840
200841
200848
200970
200971
200978
200984
201041
201043
201141
201142
201143
201144
201145
201146
201147
201148
201149
201150
201151
201152
201153
201154
201155
201156
201157
201158
201159
201160
201161
201162
201163
201164
201165
201166
201167
201168
201169
201171
201172
201173
201174
201175
201176
201177
201178
201180
201181
201182
201186
201187
201188
201189
201191
201192
201193
201195
201196
201199
201202
201203
201207
201208
201228
201229
201234
201235
201238
201242
201274
201281
201286
201291
201336
201446
201563
201564
201565
201566
201567
201568
201569
201570
201571
201572
201573
201574
201575
201576
201577
201578
201579
201580
201581
201582
201583
201584
201585
201586
201587
201588
201589
201590
201591
201592
201593
201594
201595
201596
201599
201600
201601
201602
201603
201604
201605
201606
201607
201609
201611
201612
201616
201619
201621
201623
201627
201628
201629
201631
201632
201633
201634
201785
201802
201805
201814
201821
201858
201880
201933
201934
201935
201936
201937
201938
201939
201941
201942
201943
201944
201945
201946
201947
201948
201949
201950
201951
201952
201953
201954
201956
201957
201958
201959
201960
201961
201962
201963
201964
201965
201966
201967
201969
201970
201971
201972
201973
201974
201975
201976
201977
201978
201979
201980
201981
201985
201986
201987
201988
201991
201998
202066
202067
202068
202070
202077
202079
202081
202082
202083
202087
202091
202130
202132
202148
202178
202197
202220
202221
202227
202238
202322
202323
202324
202325
202326
202327
202328
202329
202330
202331
202332
202333
202334
202335
202336
202337
202338
202339
202340
202341
202342
202343
202344
202345
202346
202347
202348
202349
202350
202351
202353
202354
202355
202356
202357
202358
202359
202360
202361
202362
202363
202364
202365
202366
202371
202374
202375
202376
202377
202378
202379
202380
202382
202385
202386
202388
202389
202390
202391
202392
202395
202396
202397
202399
202406
202407
202408
202412
202419
202458
202498
202536
202545
202620
202622
202681
202682
202683
202684
202685
202686
202687
202688
202689
202690
202691
202692
202693
202694
202695
202696
202697
202698
202699
202700
202701
202702
202703
202704
202705
202706
202707
202708
202709
202710
202711
202712
202713
202714
202715
202716
202717
202718
202719
202720
202721
202722
202723
202724
202725
202726
202727
202728
202729
202730
202731
202732
202734
202738
202775
202779
202809
202810
202814
202862
202874
202880
202918
202933
202951
202952
202954
202962
202970
203006
203076
203077
203078
203079
203080
203081
203082
203083
203084
203085
203086
203087
203088
203089
203090
203091
203092
203093
203094
203095
203096
203097
203098
203099
203100
203101
203102
203103
203104
203105
203106
203107
203108
203109
203110
203111
203112
203113
203114
203115
203116
203117
203118
203119
203120
203121
203122
203123
203124
203126
203128
203129
203130
203133
203135
203136
203138
203139
203141
203142
203143
203144
203145
203146
203147
203148
203156
203158
203159
203162
203183
203186
203187
203197
203199
203200
203203
203210
203263
203268
203315
203317
203318
203382
203457
203458
203459
203460
203461
203462
203463
203464
203467
203468
203469
203471
203473
203474
203475
203476
203477
203479
203480
203481
203482
203484
203485
203486
203487
203488
203489
203490
203491
203492
203493
203495
203496
203497
203498
203499
203500
203501
203502
203503
203504
203505
203506
203507
203508
203510
203511
203512
203513
203515
203516
203517
203518
203519
203521
203524
203526
203527
203530
203539
203540
203543
203544
203545
203546
203548
203552
203561
203564
203565
203569
203580
203584
203585
203590
203613
203648
203658
203687
203705
203710
203798
203805
203810
203816
203893
203894
203895
203897
203898
203900
203901
203902
203903
203906
203909
203910
203912
203913
203914
203915
203917
203918
203919
203920
203921
203922
203923
203924
203925
203926
203928
203930
203932
203933
203934
203935
203937
203939
203940
203943
203944
203945
203946
203948
203949
203950
203951
203952
203953
203954
203955
203956
203957
203958
203960
203961
203962
203963
203966
203967
203968
203991
203992
203994
203996
203998
203999
204001
204002
204014
204020
204021
204022
204025
204028
204033
204037
204038
204054
204060
204065
204066
204067
204079
204098
204179
204456
600001
600003
600005
600006
600009
600010
600011
600012
600013
600014
600015
600016
1626122
1626143
1626144
1626145
1626146
1626147
1626148
1626149
1626150
1626151
1626153
1626154
1626155
1626156
1626157
1626158
1626159
1626161
1626162
1626163
1626164
1626166
1626167
1626168
1626169
1626170
1626171
1626172
1626173
1626174
1626175
1626176
1626177
1626178
1626179
1626181
1626183
1626184
1626185
1626187
1626188
1626191
1626192
1626195
1626196
1626199
1626202
1626203
1626204
1626205
1626209
1626210
1626214
1626220
1626224
1626242
1626245
1626246
1626251
1626253
1626254
1626257
1626259
1626262
1626266
1626273
1626296
1626643
1626780
1627098
1627215
1627293
1627362
1627395
1627732
1627733
1627734
1627735
1627736
1627737
1627738
1627739
1627740
1627741
1627742
1627743
1627744
1627745
1627746
1627747
1627748
1627749
1627750
1627751
1627752
1627753
1627754
1627755
1627756
1627757
1627758
1627759
1627761
1627762
1627763
1627767
1627770
1627771
1627772
1627773
1627774
1627775
1627777
1627778
1627779
1627780
1627781
1627782
1627783
1627784
1627785
1627786
1627787
1627788
1627789
1627790
1627791
1627812
1627814
1627815
1627816
1627817
1627819
1627820
1627821
1627823
1627824
1627826
1627827
1627832
1627834
1627835
1627846
1627848
1627849
1627850
1627851
1627852
1627853
1627854
1627855
1627856
1627858
1627861
1627863
1627866
1627868
1627875
1627879
1627883
1627884
1627885
1627936
1627982
1627988
1628021
1628035
1628070
1628249
1628365
1628366
1628367
1628368
1628369
1628370
1628371
1628372
1628373
1628374
1628378
1628379
1628380
1628381
1628382
1628383
1628384
1628385
1628386
1628387
1628388
1628389
1628390
1628391
1628392
1628393
1628394
1628395
1628396
1628397
1628398
1628399
1628400
1628401
1628402
1628403
1628404
1628405
1628407
1628408
1628409
1628410
1628411
1628412
1628413
1628414
1628415
1628416
1628417
1628418
1628420
1628421
1628422
1628424
1628425
1628427
1628429
1628430
1628432
1628436
1628439
1628443
1628444
1628449
1628451
1628455
1628462
1628463
1628464
1628467
1628469
1628470
1628475
1628476
1628492
1628493
1628495
1628499
1628500
1628502
1628503
1628504
1628505
1628506
1628510
1628513
1628515
1628518
1628537
1628571
1628605
1628656
1628681
1628769
1628778
1628935
1628959
1628960
1628961
1628963
1628964
1628966
1628968
1628969
1628970
1628971
1628972
1628973
1628975
1628976
1628977
1628978
1628979
1628980
1628981
1628982
1628983
1628984
1628985
1628987
1628988
1628989
1628990
1628991
1628993
1628994
1628995
1628997
1628998
1628999
1629001
1629002
1629003
1629004
1629006
1629008
1629010
1629011
1629012
1629013
1629014
1629015
1629016
1629017
1629018
1629019
1629020
1629021
1629022
1629023
1629026
1629027
1629028
1629029
1629033
1629034
1629035
1629044
1629045
1629048
1629052
1629053
1629055
1629056
1629057
1629058
1629059
1629060
1629061
1629065
1629066
1629067
1629076
1629093
1629094
1629102
1629103
1629109
1629116
1629117
1629118
1629121
1629122
1629123
1629126
1629129
1629130
1629133
1629134
1629139
1629140
1629147
1629150
1629151
1629152
1629155
1629162
1629164
1629168
1629185
1629203
1629216
1629234
1629244
1629312
1629341
1629346
1629353
1629541
1629597
1629598
1629599
1629605
1629607
1629608
1629610
1629611
1629620
1629621
1629622
1629624
1629625
1629626
1629627
1629628
1629629
1629630
1629631
1629632
1629633
1629634
1629635
1629636
1629637
1629638
1629639
1629640
1629641
1629642
1629644
1629645
1629647
1629648
1629649
1629650
1629651
1629652
1629655
1629657
1629658
1629659
1629660
1629661
1629662
1629663
1629665
1629667
1629668
1629669
1629671
1629672
1629673
1629675
1629676
1629677
1629678
1629680
1629682
1629683
1629684
1629685
1629690
1629713
1629714
1629718
1629719
1629723
1629724
1629725
1629726
1629729
1629730
1629731
1629734
1629735
1629738
1629739
1629740
1629741
1629742
1629744
1629745
1629750
1629752
1629760
